{
  "cells": [
    {
      "cell_type": "markdown",
      "metadata": {
        "id": "view-in-github",
        "colab_type": "text"
      },
      "source": [
        "<a href=\"https://colab.research.google.com/github/AIInspire/Linear_Algebra/blob/main/Trainees_Eigenvectors%2C_Eigenvalues%2C_Diagonalization%2C_PCA%2C_and_SVD.ipynb\" target=\"_parent\"><img src=\"https://colab.research.google.com/assets/colab-badge.svg\" alt=\"Open In Colab\"/></a>"
      ]
    },
    {
      "cell_type": "markdown",
      "id": "41c38e8b",
      "metadata": {
        "id": "41c38e8b"
      },
      "source": [
        "## Eigenvectors and Eigenvalues\n",
        "### Use numpy only\n",
        "#### Find eigenvalues and eigenvevtors of the following:"
      ]
    },
    {
      "cell_type": "markdown",
      "id": "37b5f8e9",
      "metadata": {
        "id": "37b5f8e9"
      },
      "source": [
        "$$\\begin{bmatrix} 1&0 \\\\ 0&2 \\end{bmatrix}$$\n",
        "$$\\begin{bmatrix} 1&2 \\\\ 3&-4 \\end{bmatrix}$$"
      ]
    },
    {
      "cell_type": "code",
      "source": [
        "import numpy as np\n",
        "from sympy import Matrix\n",
        "\n",
        "matrix1 = np.array([[1, 0], [0, 2]])\n",
        "eigenvalues1, eigenvectors1 = np.linalg.eig(matrix1)\n",
        "\n",
        "print(\"Matrix 1: \\n\", matrix1)\n",
        "print(\"\\nEig Values: \\n\", eigenvalues1)\n",
        "print(\"Eig Vectors:\\n\", eigenvectors1)"
      ],
      "metadata": {
        "colab": {
          "base_uri": "https://localhost:8080/"
        },
        "id": "zRfT5pQV94QX",
        "outputId": "031ce2ac-5e86-489a-8815-39a453d96bcd"
      },
      "id": "zRfT5pQV94QX",
      "execution_count": null,
      "outputs": [
        {
          "output_type": "stream",
          "name": "stdout",
          "text": [
            "Matrix 1: \n",
            " [[1 0]\n",
            " [0 2]]\n",
            "\n",
            "Eig Values: \n",
            " [1. 2.]\n",
            "Eig Vectors:\n",
            " [[1. 0.]\n",
            " [0. 1.]]\n"
          ]
        }
      ]
    },
    {
      "cell_type": "code",
      "execution_count": null,
      "id": "992b7b1e",
      "metadata": {
        "id": "992b7b1e",
        "outputId": "f958f5ab-3247-4c03-d20d-217ce36e6d45"
      },
      "outputs": [
        {
          "name": "stdout",
          "output_type": "stream",
          "text": [
            "Eig Values:\n",
            " [1. 2.] \n",
            "Eig Vectors:\n",
            " [[1. 0.]\n",
            " [0. 1.]]\n"
          ]
        }
      ],
      "source": []
    },
    {
      "cell_type": "code",
      "source": [
        "matrix2 = np.array([[1, 2], [3, -4]])\n",
        "eigenvalues2, eigenvectors2 = np.linalg.eig(matrix2)\n",
        "\n",
        "print(\"Matrix 2: \\n\", matrix2)\n",
        "print(\"\\nEig Values: \\n\", eigenvalues2)\n",
        "print(\"Eig Vectors:\\n\", eigenvectors2)"
      ],
      "metadata": {
        "colab": {
          "base_uri": "https://localhost:8080/"
        },
        "id": "A-MON3U5-kM6",
        "outputId": "4e718bf9-a29d-49d6-fc7b-eb0143dc733f"
      },
      "id": "A-MON3U5-kM6",
      "execution_count": null,
      "outputs": [
        {
          "output_type": "stream",
          "name": "stdout",
          "text": [
            "Matrix 2: \n",
            " [[ 1  2]\n",
            " [ 3 -4]]\n",
            "\n",
            "Eig Values: \n",
            " [ 2. -5.]\n",
            "Eig Vectors:\n",
            " [[ 0.89442719 -0.31622777]\n",
            " [ 0.4472136   0.9486833 ]]\n"
          ]
        }
      ]
    },
    {
      "cell_type": "code",
      "execution_count": null,
      "id": "05218740",
      "metadata": {
        "id": "05218740",
        "outputId": "aa6a1b47-32c5-402e-cdab-a7fcca12815d"
      },
      "outputs": [
        {
          "name": "stdout",
          "output_type": "stream",
          "text": [
            "Eig Values:\n",
            " [ 2. -5.] \n",
            "Eig Vectors:\n",
            " [[ 0.89442719 -0.31622777]\n",
            " [ 0.4472136   0.9486833 ]]\n"
          ]
        }
      ],
      "source": []
    },
    {
      "cell_type": "markdown",
      "id": "6aad1752",
      "metadata": {
        "id": "6aad1752"
      },
      "source": [
        "## Diagonalization\n",
        "- Use eigen decomposition of the second matrix from the above transformation matrices and apply it 10 times to a vector (-1,1).\n",
        "- Make sure the same result will be obtained if we apply the original matrix 10 time. use <b>np.linalg.matrix_power()</b>"
      ]
    },
    {
      "cell_type": "code",
      "source": [
        "matrix2 = np.array([[1, 2], [3, -4]])\n",
        "eigenvalues2, eigenvectors2 = np.linalg.eig(matrix2)\n",
        "\n",
        "print(\"Matrix 2: \\n\", matrix2)\n",
        "print(\"\\nEig Values: \\n\", eigenvalues2)\n",
        "print(\"Eig Vectors:\\n\", eigenvectors2)"
      ],
      "metadata": {
        "colab": {
          "base_uri": "https://localhost:8080/"
        },
        "id": "exfQBGP8_Hpj",
        "outputId": "2358f7d5-b222-491c-ed3b-eb165d423a11"
      },
      "id": "exfQBGP8_Hpj",
      "execution_count": null,
      "outputs": [
        {
          "output_type": "stream",
          "name": "stdout",
          "text": [
            "Matrix 2: \n",
            " [[ 1  2]\n",
            " [ 3 -4]]\n",
            "\n",
            "Eig Values: \n",
            " [ 2. -5.]\n",
            "Eig Vectors:\n",
            " [[ 0.89442719 -0.31622777]\n",
            " [ 0.4472136   0.9486833 ]]\n"
          ]
        }
      ]
    },
    {
      "cell_type": "code",
      "execution_count": null,
      "id": "1bdf5793",
      "metadata": {
        "id": "1bdf5793",
        "outputId": "8e72ffe0-e903-492b-b0ab-a2a3cde986b3"
      },
      "outputs": [
        {
          "name": "stdout",
          "output_type": "stream",
          "text": [
            "B Eig Values:\n",
            " [ 2. -5.] \n",
            "B Eig Vectors:\n",
            " [[ 0.89442719 -0.31622777]\n",
            " [ 0.4472136   0.9486833 ]]\n"
          ]
        }
      ],
      "source": []
    },
    {
      "cell_type": "code",
      "source": [
        "D = np.diag(eigenvalues2)\n",
        "\n",
        "print(\"B Diagonal Matrix: \\n\", D)"
      ],
      "metadata": {
        "colab": {
          "base_uri": "https://localhost:8080/"
        },
        "id": "eQCIiJGI_mXM",
        "outputId": "cde1674c-4388-4cbf-ab12-300fc8de36d9"
      },
      "id": "eQCIiJGI_mXM",
      "execution_count": null,
      "outputs": [
        {
          "output_type": "stream",
          "name": "stdout",
          "text": [
            "B Diagonal Matrix: \n",
            " [[ 2.  0.]\n",
            " [ 0. -5.]]\n"
          ]
        }
      ]
    },
    {
      "cell_type": "code",
      "execution_count": null,
      "id": "68f67d18",
      "metadata": {
        "id": "68f67d18",
        "outputId": "fdfec3f9-308d-43b4-88cd-814ac92c1d30"
      },
      "outputs": [
        {
          "name": "stdout",
          "output_type": "stream",
          "text": [
            "B Diagonal Matrix\n",
            " [[ 2.  0.]\n",
            " [ 0. -5.]]\n"
          ]
        }
      ],
      "source": []
    },
    {
      "cell_type": "code",
      "source": [
        "v = np.array([[-1], [1]])\n",
        "\n",
        "P = eigenvectors2\n",
        "P_inv = np.linalg.inv(P)\n",
        "D_power_10 = np.linalg.matrix_power(D, 10)\n",
        "result_diagonalization = P @ D_power_10 @ P_inv @ v\n",
        "\n",
        "print(\"Using Diagonalization:\\n\", result_diagonalization)"
      ],
      "metadata": {
        "colab": {
          "base_uri": "https://localhost:8080/"
        },
        "id": "HdEfsw25Ad8q",
        "outputId": "f51eeb48-9dc9-4cb8-fa86-a60859605554"
      },
      "id": "HdEfsw25Ad8q",
      "execution_count": null,
      "outputs": [
        {
          "output_type": "stream",
          "name": "stdout",
          "text": [
            "Using Diagonalization:\n",
            " [[-4185853.]\n",
            " [12555511.]]\n"
          ]
        }
      ]
    },
    {
      "cell_type": "code",
      "execution_count": null,
      "id": "222fbc9d",
      "metadata": {
        "id": "222fbc9d",
        "outputId": "bf50c889-8e0e-42f5-9bb2-0fb6ea899580"
      },
      "outputs": [
        {
          "name": "stdout",
          "output_type": "stream",
          "text": [
            "Using Diagonalization:\n",
            "[[-4185853.]\n",
            " [12555511.]]\n"
          ]
        }
      ],
      "source": []
    },
    {
      "cell_type": "code",
      "source": [
        "matrix2_power_10 = np.linalg.matrix_power(matrix2, 10)\n",
        "result_direct = matrix2_power_10 @ v\n",
        "\n",
        "print(\"Using power function:\\n\", result_direct)"
      ],
      "metadata": {
        "colab": {
          "base_uri": "https://localhost:8080/"
        },
        "id": "SArkknDyA7SM",
        "outputId": "bc14d3e6-ee2b-4186-e91b-e55604f3753f"
      },
      "id": "SArkknDyA7SM",
      "execution_count": null,
      "outputs": [
        {
          "output_type": "stream",
          "name": "stdout",
          "text": [
            "Using power function:\n",
            " [[-4185853]\n",
            " [12555511]]\n"
          ]
        }
      ]
    },
    {
      "cell_type": "code",
      "execution_count": null,
      "id": "9c8f2fc3",
      "metadata": {
        "id": "9c8f2fc3",
        "outputId": "492946d0-6866-4587-b4ca-dbe805276fee"
      },
      "outputs": [
        {
          "name": "stdout",
          "output_type": "stream",
          "text": [
            "Using power function:\n",
            "[[-4185853]\n",
            " [12555511]]\n"
          ]
        }
      ],
      "source": []
    },
    {
      "cell_type": "markdown",
      "id": "c2422d5b",
      "metadata": {
        "id": "c2422d5b"
      },
      "source": [
        "# PCA Using Eigen Decomposition"
      ]
    },
    {
      "cell_type": "markdown",
      "id": "4b1752df",
      "metadata": {
        "id": "4b1752df"
      },
      "source": [
        "### Create a matrix contains the following data"
      ]
    },
    {
      "cell_type": "code",
      "source": [
        "m = np.array([[1, 2, 3, 4], [5, 5, 6, 7], [1, 4, 2, 3], [5, 3, 2, 1], [8, 1, 2, 2]])\n",
        "\n",
        "m"
      ],
      "metadata": {
        "colab": {
          "base_uri": "https://localhost:8080/"
        },
        "id": "ov2pvFOPBgaI",
        "outputId": "511bd5bf-00a2-478c-d48a-af1bd30f4d6c"
      },
      "id": "ov2pvFOPBgaI",
      "execution_count": null,
      "outputs": [
        {
          "output_type": "execute_result",
          "data": {
            "text/plain": [
              "array([[1, 2, 3, 4],\n",
              "       [5, 5, 6, 7],\n",
              "       [1, 4, 2, 3],\n",
              "       [5, 3, 2, 1],\n",
              "       [8, 1, 2, 2]])"
            ]
          },
          "metadata": {},
          "execution_count": 8
        }
      ]
    },
    {
      "cell_type": "code",
      "execution_count": null,
      "id": "f9d03ab7",
      "metadata": {
        "id": "f9d03ab7",
        "outputId": "cc7a157e-8bbb-4ca8-e655-b859efcd301f"
      },
      "outputs": [
        {
          "data": {
            "text/plain": [
              "array([[1, 2, 3, 4],\n",
              "       [5, 5, 6, 7],\n",
              "       [1, 4, 2, 3],\n",
              "       [5, 3, 2, 1],\n",
              "       [8, 1, 2, 2]])"
            ]
          },
          "execution_count": 22,
          "metadata": {},
          "output_type": "execute_result"
        }
      ],
      "source": []
    },
    {
      "cell_type": "markdown",
      "id": "0a0fbad8",
      "metadata": {
        "id": "0a0fbad8"
      },
      "source": [
        "### Step 1: Standardize the dataset (Subtract mean and divide by standard deviation)."
      ]
    },
    {
      "cell_type": "code",
      "source": [
        "m_mean = np.mean(m, axis=0)\n",
        "print(\"mean: \", m_mean)\n",
        "\n",
        "m_std = np.std(m, axis=0)\n",
        "print(\"std: \", m_std)"
      ],
      "metadata": {
        "colab": {
          "base_uri": "https://localhost:8080/"
        },
        "id": "2jXZZK14BtdH",
        "outputId": "a74becf5-1507-42e7-c93c-66499f79254a"
      },
      "id": "2jXZZK14BtdH",
      "execution_count": null,
      "outputs": [
        {
          "output_type": "stream",
          "name": "stdout",
          "text": [
            "mean:  [4.  3.  3.  3.4]\n",
            "std:  [2.68328157 1.41421356 1.54919334 2.05912603]\n"
          ]
        }
      ]
    },
    {
      "cell_type": "code",
      "execution_count": null,
      "id": "7eefee13",
      "metadata": {
        "id": "7eefee13",
        "outputId": "eda246e0-4d30-47b6-d5eb-11d38cf0701b"
      },
      "outputs": [
        {
          "name": "stdout",
          "output_type": "stream",
          "text": [
            "mean: [4.  3.  3.  3.4]\n",
            "std : [2.68328157 1.41421356 1.54919334 2.05912603]\n"
          ]
        }
      ],
      "source": []
    },
    {
      "cell_type": "code",
      "source": [
        "m_standardized = (m - m_mean) / m_std\n",
        "print(\"Standardized data:\\n\", m_standardized)"
      ],
      "metadata": {
        "colab": {
          "base_uri": "https://localhost:8080/"
        },
        "id": "M4z00emzHFnK",
        "outputId": "e0a4b34d-c92b-460e-db7b-9e166ecae2ce"
      },
      "id": "M4z00emzHFnK",
      "execution_count": null,
      "outputs": [
        {
          "output_type": "stream",
          "name": "stdout",
          "text": [
            "Standardized data:\n",
            " [[-1.11803399 -0.70710678  0.          0.29138576]\n",
            " [ 0.372678    1.41421356  1.93649167  1.74831455]\n",
            " [-1.11803399  0.70710678 -0.64549722 -0.19425717]\n",
            " [ 0.372678    0.         -0.64549722 -1.16554303]\n",
            " [ 1.49071198 -1.41421356 -0.64549722 -0.6799001 ]]\n"
          ]
        }
      ]
    },
    {
      "cell_type": "code",
      "execution_count": null,
      "id": "af7a446e",
      "metadata": {
        "id": "af7a446e",
        "outputId": "265776de-e6bd-4f88-e4d6-03e4011d4bd4"
      },
      "outputs": [
        {
          "name": "stdout",
          "output_type": "stream",
          "text": [
            "Standardized data:\n",
            "[[-1.11803399 -0.70710678  0.          0.29138576]\n",
            " [ 0.372678    1.41421356  1.93649167  1.74831455]\n",
            " [-1.11803399  0.70710678 -0.64549722 -0.19425717]\n",
            " [ 0.372678    0.         -0.64549722 -1.16554303]\n",
            " [ 1.49071198 -1.41421356 -0.64549722 -0.6799001 ]]\n"
          ]
        }
      ],
      "source": []
    },
    {
      "cell_type": "markdown",
      "id": "764bcd06",
      "metadata": {
        "id": "764bcd06"
      },
      "source": [
        "### Step 2: Calculate the covariance matrix for the features in the dataset.\n",
        "#### Use the formula (X.T@X) / n then confirm using np.cov()"
      ]
    },
    {
      "cell_type": "code",
      "source": [
        "n = m_standardized.shape[0]\n",
        "\n",
        "m_formula = (m_standardized.T @ m_standardized) / n\n",
        "print(\"Using the formula:\\n\", m_formula)"
      ],
      "metadata": {
        "colab": {
          "base_uri": "https://localhost:8080/"
        },
        "id": "2XhVMU39HRzp",
        "outputId": "c81f878e-2087-4895-ac0c-e4b5a2a624a4"
      },
      "id": "2XhVMU39HRzp",
      "execution_count": null,
      "outputs": [
        {
          "output_type": "stream",
          "name": "stdout",
          "text": [
            "Using the formula:\n",
            " [[ 1.         -0.31622777  0.04811252 -0.18098843]\n",
            " [-0.31622777  1.          0.63900965  0.61812254]\n",
            " [ 0.04811252  0.63900965  1.          0.94044349]\n",
            " [-0.18098843  0.61812254  0.94044349  1.        ]]\n"
          ]
        }
      ]
    },
    {
      "cell_type": "code",
      "execution_count": null,
      "id": "97e88faa",
      "metadata": {
        "id": "97e88faa",
        "outputId": "df994756-c43f-4ea5-d201-1a2ba1019b3e"
      },
      "outputs": [
        {
          "name": "stdout",
          "output_type": "stream",
          "text": [
            "Using the formula:\n",
            "[[ 1.         -0.31622777  0.04811252 -0.18098843]\n",
            " [-0.31622777  1.          0.63900965  0.61812254]\n",
            " [ 0.04811252  0.63900965  1.          0.94044349]\n",
            " [-0.18098843  0.61812254  0.94044349  1.        ]]\n"
          ]
        }
      ],
      "source": []
    },
    {
      "cell_type": "code",
      "source": [
        "m_cov = np.cov(m_standardized, rowvar= False, bias = True)\n",
        "print(\"Using np.cov():\\n\", m_cov)"
      ],
      "metadata": {
        "colab": {
          "base_uri": "https://localhost:8080/"
        },
        "id": "4mGvtTVzIjZb",
        "outputId": "e88621d0-86f0-4702-c4fc-1fef71dd312c"
      },
      "id": "4mGvtTVzIjZb",
      "execution_count": null,
      "outputs": [
        {
          "output_type": "stream",
          "name": "stdout",
          "text": [
            "Using np.cov():\n",
            " [[ 1.         -0.31622777  0.04811252 -0.18098843]\n",
            " [-0.31622777  1.          0.63900965  0.61812254]\n",
            " [ 0.04811252  0.63900965  1.          0.94044349]\n",
            " [-0.18098843  0.61812254  0.94044349  1.        ]]\n"
          ]
        }
      ]
    },
    {
      "cell_type": "code",
      "execution_count": null,
      "id": "f1151741",
      "metadata": {
        "id": "f1151741",
        "outputId": "185556b5-9902-407a-8485-128c8fad926a"
      },
      "outputs": [
        {
          "name": "stdout",
          "output_type": "stream",
          "text": [
            "Using np.cov():\n",
            "[[ 1.         -0.31622777  0.04811252 -0.18098843]\n",
            " [-0.31622777  1.          0.63900965  0.61812254]\n",
            " [ 0.04811252  0.63900965  1.          0.94044349]\n",
            " [-0.18098843  0.61812254  0.94044349  1.        ]]\n"
          ]
        }
      ],
      "source": []
    },
    {
      "cell_type": "markdown",
      "id": "dc324de0",
      "metadata": {
        "id": "dc324de0"
      },
      "source": [
        "### Step 3: Calculate the eigenvalues and eigenvectors for the covariance matrix.\n",
        "### Step 4: Sort eigenvalues and their corresponding eigenvectors."
      ]
    },
    {
      "cell_type": "code",
      "source": [
        "m_eigenvalues, m_eigenvectors = np.linalg.eig(m_formula)\n",
        "\n",
        "print(\"Eig Values:\\n\", m_eigenvalues)"
      ],
      "metadata": {
        "colab": {
          "base_uri": "https://localhost:8080/"
        },
        "id": "JBwXvMQIDfqo",
        "outputId": "1a4a62fa-1669-4b6a-8c8e-17c4d1d9f292"
      },
      "id": "JBwXvMQIDfqo",
      "execution_count": null,
      "outputs": [
        {
          "output_type": "stream",
          "name": "stdout",
          "text": [
            "Eig Values:\n",
            " [2.51579324 1.0652885  0.39388704 0.02503121]\n"
          ]
        }
      ]
    },
    {
      "cell_type": "code",
      "execution_count": null,
      "id": "8c374837",
      "metadata": {
        "id": "8c374837",
        "outputId": "870d4bc1-c3ac-4eb0-aba0-3857f8d21e0f"
      },
      "outputs": [
        {
          "name": "stdout",
          "output_type": "stream",
          "text": [
            "Eigen Values:\n",
            "[2.51579324 1.0652885  0.39388704 0.02503121]\n"
          ]
        }
      ],
      "source": []
    },
    {
      "cell_type": "code",
      "source": [
        "print(\"Eig Vectors:\\n\", m_eigenvectors)"
      ],
      "metadata": {
        "colab": {
          "base_uri": "https://localhost:8080/"
        },
        "id": "_mGtZ6IJDrhf",
        "outputId": "ab4e0e2f-a82b-47b6-f029-3b18e6bfe429"
      },
      "id": "_mGtZ6IJDrhf",
      "execution_count": null,
      "outputs": [
        {
          "output_type": "stream",
          "name": "stdout",
          "text": [
            "Eig Vectors:\n",
            " [[ 0.16195986 -0.91705888 -0.30707099  0.19616173]\n",
            " [-0.52404813  0.20692161 -0.81731886  0.12061043]\n",
            " [-0.58589647 -0.3205394   0.1882497  -0.72009851]\n",
            " [-0.59654663 -0.11593512  0.44973251  0.65454704]]\n"
          ]
        }
      ]
    },
    {
      "cell_type": "code",
      "execution_count": null,
      "id": "62598f81",
      "metadata": {
        "id": "62598f81",
        "outputId": "434dab1a-f148-4e4d-b1bf-97357c924048"
      },
      "outputs": [
        {
          "name": "stdout",
          "output_type": "stream",
          "text": [
            "Eigen Vectors:\n",
            "[[ 0.16195986 -0.91705888 -0.30707099  0.19616173]\n",
            " [-0.52404813  0.20692161 -0.81731886  0.12061043]\n",
            " [-0.58589647 -0.3205394   0.1882497  -0.72009851]\n",
            " [-0.59654663 -0.11593512  0.44973251  0.65454704]]\n"
          ]
        }
      ],
      "source": []
    },
    {
      "cell_type": "code",
      "source": [
        "sorted_indices = np.argsort(m_eigenvalues)[::-1]\n",
        "m_eigenvalues = m_eigenvalues[sorted_indices]\n",
        "m_eigenvectors = m_eigenvectors[:, sorted_indices]\n",
        "\n",
        "print(\"Sorted Eig Values:\\n\", m_eigenvalues)"
      ],
      "metadata": {
        "colab": {
          "base_uri": "https://localhost:8080/"
        },
        "id": "vJsxmy4oHqJH",
        "outputId": "64b79d48-bfaa-43d4-f76b-d71cf728737f"
      },
      "id": "vJsxmy4oHqJH",
      "execution_count": null,
      "outputs": [
        {
          "output_type": "stream",
          "name": "stdout",
          "text": [
            "Sorted Eig Values:\n",
            " [2.51579324 1.0652885  0.39388704 0.02503121]\n"
          ]
        }
      ]
    },
    {
      "cell_type": "markdown",
      "id": "21d2a699",
      "metadata": {
        "id": "21d2a699"
      },
      "source": [
        "### Step 5: Pick k eigenvalues and form a matrix of eigenvectors."
      ]
    },
    {
      "cell_type": "markdown",
      "id": "51f02938",
      "metadata": {
        "id": "51f02938"
      },
      "source": [
        "#### Select the first 2 eigen vectors"
      ]
    },
    {
      "cell_type": "code",
      "source": [
        "m_eigs = m_eigenvectors[:, :2]\n",
        "print(\"Selected Eigen Vectors:\\n\", m_eigs)"
      ],
      "metadata": {
        "colab": {
          "base_uri": "https://localhost:8080/"
        },
        "id": "47Kw9MD2D5zf",
        "outputId": "040fa839-24c2-4053-a637-9398edd2b6dc"
      },
      "id": "47Kw9MD2D5zf",
      "execution_count": null,
      "outputs": [
        {
          "output_type": "stream",
          "name": "stdout",
          "text": [
            "Selected Eigen Vectors:\n",
            " [[ 0.16195986 -0.91705888]\n",
            " [-0.52404813  0.20692161]\n",
            " [-0.58589647 -0.3205394 ]\n",
            " [-0.59654663 -0.11593512]]\n"
          ]
        }
      ]
    },
    {
      "cell_type": "code",
      "execution_count": null,
      "id": "ff3591da",
      "metadata": {
        "id": "ff3591da",
        "outputId": "35d9efd0-4eea-41a2-9bb4-aca1e921a16c"
      },
      "outputs": [
        {
          "data": {
            "text/plain": [
              "array([[ 0.16195986, -0.91705888],\n",
              "       [-0.52404813,  0.20692161],\n",
              "       [-0.58589647, -0.3205394 ],\n",
              "       [-0.59654663, -0.11593512]])"
            ]
          },
          "execution_count": 30,
          "metadata": {},
          "output_type": "execute_result"
        }
      ],
      "source": []
    },
    {
      "cell_type": "markdown",
      "id": "c2d4378e",
      "metadata": {
        "id": "c2d4378e"
      },
      "source": [
        "### Step 6:Transform the original matrix."
      ]
    },
    {
      "cell_type": "code",
      "source": [
        "#Transform the original matrix.\n",
        "m_transformed = m_standardized @ m_eigs\n",
        "np.set_printoptions(suppress=True)\n",
        "print(\"Transformed Data:\\n\", m_transformed)"
      ],
      "metadata": {
        "colab": {
          "base_uri": "https://localhost:8080/"
        },
        "id": "I2Tp9OkfEQQX",
        "outputId": "9d356f86-4748-4ae3-a0ae-ecfb692a12ef"
      },
      "id": "I2Tp9OkfEQQX",
      "execution_count": null,
      "outputs": [
        {
          "output_type": "stream",
          "name": "stdout",
          "text": [
            "Transformed Data:\n",
            " [[ 0.01565617  0.84520548]\n",
            " [-2.8582919  -0.87254925]\n",
            " [-0.0575566   1.40104719]\n",
            " [ 1.13385419  0.000267  ]\n",
            " [ 1.76633814 -1.37397042]]\n"
          ]
        }
      ]
    },
    {
      "cell_type": "code",
      "execution_count": null,
      "id": "a190ca49",
      "metadata": {
        "id": "a190ca49",
        "outputId": "b9b6a4aa-a554-4631-ed44-4daae2963ff9"
      },
      "outputs": [
        {
          "name": "stdout",
          "output_type": "stream",
          "text": [
            "Transformed Data:\n",
            "[[ 0.01565617  0.84520548]\n",
            " [-2.8582919  -0.87254925]\n",
            " [-0.0575566   1.40104719]\n",
            " [ 1.13385419  0.000267  ]\n",
            " [ 1.76633814 -1.37397042]]\n"
          ]
        }
      ],
      "source": []
    },
    {
      "cell_type": "markdown",
      "id": "9ffbac5e",
      "metadata": {
        "id": "9ffbac5e"
      },
      "source": [
        "## SVD\n",
        "### Repeat using SVD and compare the results"
      ]
    },
    {
      "cell_type": "code",
      "execution_count": null,
      "id": "53520673",
      "metadata": {
        "colab": {
          "base_uri": "https://localhost:8080/"
        },
        "id": "53520673",
        "outputId": "20203d46-6765-46c4-e1a2-9976e22ae386"
      },
      "outputs": [
        {
          "output_type": "stream",
          "name": "stdout",
          "text": [
            "VT:\n",
            " [[ 0.16195986 -0.52404813 -0.58589647 -0.59654663]\n",
            " [-0.91705888  0.20692161 -0.3205394  -0.11593512]\n",
            " [-0.30707099 -0.81731886  0.1882497   0.44973251]\n",
            " [ 0.19616173  0.12061043 -0.72009851  0.65454704]]\n"
          ]
        }
      ],
      "source": [
        "m_u, m_s, m_vt = np.linalg.svd(m_standardized)\n",
        "\n",
        "print(\"VT:\\n\", m_vt)"
      ]
    },
    {
      "cell_type": "code",
      "source": [],
      "metadata": {
        "colab": {
          "base_uri": "https://localhost:8080/"
        },
        "id": "AtHhwmJExRe6",
        "outputId": "eda2682a-7a27-4cfb-e617-180c57260a0e"
      },
      "execution_count": null,
      "outputs": [
        {
          "output_type": "stream",
          "name": "stdout",
          "text": [
            "V:\n",
            "[[ 0.16195986 -0.52404813 -0.58589647 -0.59654663]\n",
            " [-0.91705888  0.20692161 -0.3205394  -0.11593512]\n",
            " [-0.30707099 -0.81731886  0.1882497   0.44973251]\n",
            " [ 0.19616173  0.12061043 -0.72009851  0.65454704]]\n"
          ]
        }
      ],
      "id": "AtHhwmJExRe6"
    },
    {
      "cell_type": "code",
      "source": [
        "print(\"Singular Values:\\n\", m_s)"
      ],
      "metadata": {
        "colab": {
          "base_uri": "https://localhost:8080/"
        },
        "id": "Hh3KDlzOO9qm",
        "outputId": "45afa20e-74c6-4f2b-a182-a9ba954f66fe"
      },
      "id": "Hh3KDlzOO9qm",
      "execution_count": null,
      "outputs": [
        {
          "output_type": "stream",
          "name": "stdout",
          "text": [
            "Singular Values:\n",
            " [3.54668383 2.30790869 1.40336568 0.35377402]\n"
          ]
        }
      ]
    },
    {
      "cell_type": "code",
      "execution_count": null,
      "id": "048f2605",
      "metadata": {
        "id": "048f2605",
        "outputId": "e57b70f3-3093-40fc-d938-2bf87b3a6607"
      },
      "outputs": [
        {
          "name": "stdout",
          "output_type": "stream",
          "text": [
            "Singular Values:\n",
            "[3.54668383 2.30790869 1.40336568 0.35377402]\n"
          ]
        }
      ],
      "source": []
    },
    {
      "cell_type": "code",
      "source": [
        "print(\"U:\\n\", m_u)"
      ],
      "metadata": {
        "colab": {
          "base_uri": "https://localhost:8080/"
        },
        "id": "sh6eHAV7QHgM",
        "outputId": "f4e28038-6da3-4658-f63f-7f991c755c35"
      },
      "id": "sh6eHAV7QHgM",
      "execution_count": null,
      "outputs": [
        {
          "output_type": "stream",
          "name": "stdout",
          "text": [
            "U:\n",
            " [[ 0.00441431  0.36622137  0.74983533 -0.32188415  0.4472136 ]\n",
            " [-0.80590547 -0.37806923 -0.08514113 -0.01819405  0.4472136 ]\n",
            " [-0.01622829  0.60706353 -0.31602194  0.57562197  0.4472136 ]\n",
            " [ 0.31969418  0.00011569 -0.54165203 -0.63593136  0.4472136 ]\n",
            " [ 0.49802526 -0.59533136  0.19297977  0.40038759  0.4472136 ]]\n"
          ]
        }
      ]
    },
    {
      "cell_type": "code",
      "execution_count": null,
      "id": "8ec22592",
      "metadata": {
        "id": "8ec22592",
        "outputId": "5231e0af-e392-481f-ba76-3d65afa84058"
      },
      "outputs": [
        {
          "name": "stdout",
          "output_type": "stream",
          "text": [
            "U:\n",
            "[[ 0.00441431  0.36622137  0.74983533 -0.32188415  0.4472136 ]\n",
            " [-0.80590547 -0.37806923 -0.08514113 -0.01819405  0.4472136 ]\n",
            " [-0.01622829  0.60706353 -0.31602194  0.57562197  0.4472136 ]\n",
            " [ 0.31969418  0.00011569 -0.54165203 -0.63593136  0.4472136 ]\n",
            " [ 0.49802526 -0.59533136  0.19297977  0.40038759  0.4472136 ]]\n"
          ]
        }
      ],
      "source": []
    },
    {
      "cell_type": "code",
      "source": [
        "transformed_data = m_standardized @ m_vt.T[:, :2]\n",
        "print(\"Transformed Data:\\n\", transformed_data)"
      ],
      "metadata": {
        "colab": {
          "base_uri": "https://localhost:8080/"
        },
        "id": "G6Dsk5Q2QY3X",
        "outputId": "3150d97b-b32b-452d-c7d5-f58555887e0c"
      },
      "id": "G6Dsk5Q2QY3X",
      "execution_count": null,
      "outputs": [
        {
          "output_type": "stream",
          "name": "stdout",
          "text": [
            "Transformed Data:\n",
            " [[ 0.01565617  0.84520548]\n",
            " [-2.8582919  -0.87254925]\n",
            " [-0.0575566   1.40104719]\n",
            " [ 1.13385419  0.000267  ]\n",
            " [ 1.76633814 -1.37397042]]\n"
          ]
        }
      ]
    },
    {
      "cell_type": "code",
      "execution_count": null,
      "id": "87ae01b5",
      "metadata": {
        "id": "87ae01b5",
        "outputId": "84991147-ff39-40a5-b8d2-d7a3d2525567"
      },
      "outputs": [
        {
          "name": "stdout",
          "output_type": "stream",
          "text": [
            "Transformed Data:\n",
            "[[ 0.01565617  0.84520548]\n",
            " [-2.8582919  -0.87254925]\n",
            " [-0.0575566   1.40104719]\n",
            " [ 1.13385419  0.000267  ]\n",
            " [ 1.76633814 -1.37397042]]\n"
          ]
        }
      ],
      "source": []
    },
    {
      "cell_type": "markdown",
      "id": "64c6dc04",
      "metadata": {
        "id": "64c6dc04"
      },
      "source": [
        "## Apply the SVD on images\n",
        "- We will use the SVD to extract the more important features from the image\n",
        "- Let’s start by loading an image in python and convert it to a Numpy array. We will convert it to grayscale to have one dimension per pixel. The shape of the matrix corresponds to the dimension of the image filled with intensity values: 1 cell per pixel."
      ]
    },
    {
      "cell_type": "code",
      "execution_count": null,
      "metadata": {
        "outputId": "1172a1c9-b9e7-4622-813f-99eb85fa82bd",
        "colab": {
          "base_uri": "https://localhost:8080/",
          "height": 357
        },
        "id": "CtjRj9OjKk09"
      },
      "outputs": [
        {
          "output_type": "display_data",
          "data": {
            "text/plain": [
              "<Figure size 720x480 with 1 Axes>"
            ],
